295147905179354803014
295147905179354803014
295147905179354803015
295147905179354803016
295147905179354803017
295147905179354803018
295147905179354803019
295147905179354803020
295147905179354803021
295147905179354803022
295147905179354803023
295147905179354803024
295147905179354803025
295147905179354803026
295147905179354803027
295147905179354803028
295147905179354803029
295147905179354803030
295147905179354803031
295147905179354803032
295147905179354803033
295147905179354803034
295147905179354803035
295147905179354803036
